%YAML:1.0
R: !!opencv-matrix
   rows: 3
   cols: 3
   dt: d
   data: [ 9.9975845099230842e-001, 5.2938875802350169e-003,
       -2.1331067102886233e-002, -4.9129099555920829e-003,
       9.9982819095221598e-001, 1.7873217197454754e-002,
       2.1422021035099516e-002, -1.7764102327643288e-002,
       9.9961269183782619e-001 ]
T: !!opencv-matrix
   rows: 3
   cols: 1
   dt: d
   data: [ -3.3385294685528097e+000, 4.8752222149836287e-002,
       -1.0621612775224644e-001 ]
R1: !!opencv-matrix
   rows: 3
   cols: 3
   dt: d
   data: [ 9.9989926261611617e-001, -9.8656327049913527e-003,
       1.0204602445825281e-002, 9.7747186681053054e-003,
       9.9991243188226020e-001, 8.9209552326893655e-003,
       -1.0291719715700198e-002, -8.8203094409696758e-003,
       9.9990813710393356e-001 ]
R2: !!opencv-matrix
   rows: 3
   cols: 3
   dt: d
   data: [ 9.9938783533146136e-001, -1.4593963665998397e-002,
       3.1795767265647132e-002, 1.4875488104284199e-002,
       9.9985206173729613e-001, -8.6356524558050245e-003,
       -3.1665035056904309e-002, 9.1033435722085304e-003,
       9.9945707996424304e-001 ]
P1: !!opencv-matrix
   rows: 3
   cols: 4
   dt: d
   data: [ 4.2656306659828209e+002, 0., 3.2185713195800781e+002, 0., 0.,
       4.2656306659828209e+002, 2.4122907447814941e+002, 0., 0., 0., 1.,
       0. ]
P2: !!opencv-matrix
   rows: 3
   cols: 4
   dt: d
   data: [ 4.2656306659828209e+002, 0., 3.2185713195800781e+002,
       -1.4249656816788231e+003, 0., 4.2656306659828209e+002,
       2.4122907447814941e+002, 0., 0., 0., 1., 0. ]
Q: !!opencv-matrix
   rows: 4
   cols: 4
   dt: d
   data: [ 1., 0., 0., -3.2185713195800781e+002, 0., 1., 0.,
       -2.4122907447814941e+002, 0., 0., 0., 4.2656306659828209e+002, 0.,
       0., 2.9934971212480493e-001, 0. ]
