%YAML:1.0
M1: !!opencv-matrix
   rows: 3
   cols: 3
   dt: d
   data: [ 5.3471330014337593e+002, 0., 3.3513862534087565e+002, 0.,
       5.3471330014337593e+002, 2.4020611211630637e+002, 0., 0., 1. ]
D1: !!opencv-matrix
   rows: 1
   cols: 8
   dt: d
   data: [ -2.7456948644494689e-001, -1.8313659559692320e-002, 0., 0.,
       0., 0., 0., -2.4476896017928132e-001 ]
M2: !!opencv-matrix
   rows: 3
   cols: 3
   dt: d
   data: [ 5.3471330014337593e+002, 0., 3.3401539789595762e+002, 0.,
       5.3471330014337593e+002, 2.4159046721734566e+002, 0., 0., 1. ]
D2: !!opencv-matrix
   rows: 1
   cols: 8
   dt: d
   data: [ -2.8073637368904997e-001, 9.3010333967210215e-002, 0., 0., 0.,
       0., 0., 1.6329629643216357e-002 ]
